5.0765757853,5.064829161,5.0432514611,5.0097361186,4.9816720743,4.9520183494,4.8879545191,4.7916004121,4.685384451,4.5742312593,4.4344486975
4.9890550986,4.9780070126,4.9673277541,4.9433165465,4.8925095117,4.8394626471,4.7707937758,4.6813664298,4.5709939563,4.452557444,4.3101271584
4.7080538957,4.6947624405,4.6984992614,4.6982806531,4.6607562284,4.5952990768,4.5179935566,4.4172960709,4.2902730265,4.1540652391,4.0186568515
4.266227484,4.2622423558,4.2693460744,4.2863714396,4.2921313926,4.2739507447,4.2241158728,4.1044853332,3.9306905084,3.7540480064,3.593833458
3.676228641,3.7049725909,3.7137624168,3.7326515722,3.7609153833,3.766759298,3.704070023,3.5845842322,3.4215121142,3.2560567905,3.0863851102
2.9823691133,2.9911624756,2.994873435,3.0067775779,3.0332086272,3.0373188106,2.9352885911,2.8107349367,2.7513381997,2.6589051384,2.5496215988
2.3642933089,2.3039833157,2.2307495368,2.1796622326,2.135954279,1.9521146068,1.8738582314,2.1410686841,2.1981523818,2.1246812245,2.0608073138
1.9814674523,1.9112688502,1.8199841117,1.7453756541,1.7062283162,1.6720769885,1.7741614389,1.9654423615,1.8635897271,1.7805357053,1.7257371544
1.9345897845,1.893060361,1.848447086,1.8006379242,1.7749607082,2.2644048102,1.7874724806,1.7593151536,1.7362205378,1.705132098,1.6894956021
2.2596635985,2.2607312196,2.2613211959,2.2719826779,2.2786277436,1.7882290027,2.235322018,2.1800848486,2.111277083,2.0703666248,2.0778150973
2.7651999626,2.7919572613,2.8284115304,2.8892609548,2.9282958935,2.9167466471,2.8994758987,2.8756152614,2.8307178056,2.8015599571,2.815033598
